5	223605
7	237278
8	232574
9	247955
11	230166
12	247009
13	232396
14	253186
15	263931
16	266714
17	294920
18	281871
19	277811
20	272888
21	257710
22	268593
23	252164
24	266656
25	266634
26	288246
27	334332
28	322972
29	348503
30	306459
31	260339
32	270571
33	272826
34	312186
35	361709
36	358699
37	348279
38	407690
39	429090
40	403239
41	356902
42	312425
43	320123
44	292859
45	325649
46	329460
47	411576
48	572309
49	701143
50	677559
51	519015
52	332914
53	315555
54	354269
55	390216
56	336905
57	333430
58	388182
59	603003
60	619328
61	679425
62	463925
63	298670
64	262149
65	258954
66	149722
67	71356
68	43839
69	29636
70	32447
71	38151
72	42218
73	32899
74	32169
75	29689
76	2995
77	1127
78	661
79	344
80	187
81	148
82	90
83	66
84	62
85	41
86	47
87	51
88	105
89	39
90	29
91	49
92	43
93	40
94	51
95	59
96	65
97	98
98	167
99	191
100	472
101	1678
